30	30
111111111111111111111111111111
111000000111100000000001111111
111010010000001111111101111111
111010010111101111111101111111
111010010111101111111100000111
111010010111101111111100000111
111010010111100000000000000111
111010010111110011111100000111
111010010111110011001100000111
111010010111110011001100000111
111010010111110011001100000111
111010010111110011001100000111
111010010110000011001111011111
111010010110111011111111011111
111010010110111011111111011111
111010010110111011111111011111
111010010110111000000000000011
111010010110111111111111111011
111010010110111111111111111011
111210010110111111100111101011
111010010110111111101111001011
111010010110111111101111001011
111010010110111111100000001001
111010010110000000000000001101
111310010111111111111111104101
111110010111111111111111100101
111110010000000011111111100101
111111111000000011111111111101
111111111111111000000000010001
111111111111111111111111111111
